lcg a=4 x0=1 c=5 m=13 n=100

x0 = 1 ==> 9 2 0 5 12 1 9 2 0 5 12 1 9 2 0 5 12 1 9 2 0 5 12 1
x0 = 2 ==> 0 5 12 1 9 2 0 5 12 1 9 2 0 5 12 1 9 2 0 5 12 1 9 2 
x0 = 3 ==> 4 8 11 10 6 3 4 8 11 10 6 3 4 8 11 10 6 3 4 8 11 10 6 3
x0 = 4 ==> 8 11 10 6 3 4 8 11 10 6 3 4 8 11 10 6 3 4 8 11 10 6 3 4 8 11 10 6 3 4 
x0 = 5 ==> 12 1 9 2 0 5 12 1 9 2 0 5 12 1 9 2 0 5
x0 = 6 ==> 3 4 8 11 10 6 3 4 8 11 10 6 3 4 8 11 10 6 
x0 = 7 ==> 7 7 7 7 7 7 7 7 7 7
x0 = 8 ==> 4 8 11 10 6 3 4 8 11 10 6 3
x0 = 9 ==> 2 0 5 12 1 9 2 0 5 12 1 9 2 0 5 12 1 9 
x0 = 10 ==> 6 3 4 8 11 10 6 3 4 8 11 10 6 3 4 8 11 10


get_c cmin=3 cmax=100 m=6400

Вывод: 3 7 9 11 13 17 19 21 23 27 29 31 33 37 39 41 43 47 49 51 53 57 59 61 63 67 69 71 73 77 79 81 83 87 89 91 93 97 99 

get_a m=6400

5
